total_citations: 72.66666666666667
total_valid_citations: 37.333333333333336
valid_rate: 0.5137614678899083
